============================================================
SUMMARY STATISTICS
============================================================

       MonsoonIntensity  TopographyDrainage  RiverManagement  Deforestation   Urbanization  ClimateChange    DamsQuality      Siltation  AgriculturalPractices  Encroachments  IneffectiveDisasterPreparedness  DrainageSystems  CoastalVulnerability     Landslides     Watersheds  DeterioratingInfrastructure  PopulationScore    WetlandLoss  InadequatePlanning  PoliticalFactors
count     894365.000000       894365.000000    894365.000000  894365.000000  894365.000000  894365.000000  894365.000000  894365.000000          894365.000000  894365.000000                    894365.000000    894365.000000         894365.000000  894365.000000  894365.000000                894365.000000    894365.000000  894365.000000       894365.000000     894365.000000
mean           4.920651            4.927622         4.956982       4.940751       4.940016       4.933386       4.955387       4.926392               4.943651       4.951376                         4.945428         4.946666              4.955764       4.932036       4.930382                     4.926806         4.928408       4.949197            4.940827          4.937379
std            2.057458            2.093276         2.071963       2.050071       2.082166       2.057090       2.082494       2.066105               2.066870       2.083935                         2.077449         2.071464              2.088947       2.078282       2.083244                     2.064424         2.075418       2.067770            2.080507          2.089760
min            0.000000            0.000000         0.000000       0.000000       0.000000       0.000000       0.000000       0.000000               0.000000       0.000000                         0.000000         0.000000              0.000000       0.000000       0.000000                     0.000000         0.000000       0.000000            0.000000          0.000000
25%            3.000000            3.000000         4.000000       4.000000       3.000000       3.000000       4.000000       3.000000               3.000000       4.000000                         3.000000         4.000000              3.000000       3.000000       3.000000                     3.000000         3.000000       4.000000            3.000000          3.000000
50%            5.000000            5.000000         5.000000       5.000000       5.000000       5.000000       5.000000       5.000000               5.000000       5.000000                         5.000000         5.000000              5.000000       5.000000       5.000000                     5.000000         5.000000       5.000000            5.000000          5.000000
75%            6.000000            6.000000         6.000000       6.000000       6.000000       6.000000       6.000000       6.000000               6.000000       6.000000                         6.000000         6.000000              6.000000       6.000000       6.000000                     6.000000         6.000000       6.000000            6.000000          6.000000
max           16.000000           18.000000        16.000000      17.000000      17.000000      17.000000      16.000000      16.000000              16.000000      18.000000                        16.000000        17.000000             17.000000      16.000000      16.000000                    17.000000        18.000000      19.000000           16.000000         16.000000

============================================================
TARGET STATISTICS
============================================================

count    894365.000000
mean          0.504480
std           0.051037
min           0.285000
25%           0.470000
50%           0.505000
75%           0.540000
max           0.725000